Instancia      N   Tiempo (s)  Tiempo (ms)
-------------------------------------------------------
        0     32     0.000232        0.232
        1     64     0.000562        0.562
        2    128     0.001946        1.946
        3    256     0.006139        6.139
        4    384     0.020716       20.716
        5    512     0.038146       38.146
        6    640     0.062428       62.428
        7    768     0.096556       96.556
        8    896     0.124966      124.966
        9   1024     0.182648      182.648
       10   1200     0.223786      223.786
       11   1400     0.315730      315.730
       12   1600     0.407443      407.443
       13   1800     0.509502      509.502
       14   1900     0.552640      552.640
       15   2000     0.622192      622.192
